16	-80000	0	100.797	100.012	-44.9243	-45.0255	0.000201004	-8.15018e-06	1.9998	5.55941e-06	-0.0125603	0.0125714	0.0165983	0.0152642
17	-79000	0	100.869	100.006	-44.9258	-45.0276	0.000201055	-8.33559e-06	1.9998	5.55935e-06	-0.0125595	0.0125715	0.0166107	0.0152485
18	-78000	0	100.946	99.9993	-44.9272	-45.0297	0.000201106	-8.53039e-06	1.9998	5.55929e-06	-0.0125586	0.0125716	0.0166234	0.0152316
19	-77000	0	101.026	99.9915	-44.9307	-45.0319	0.000201156	-8.73512e-06	1.9998	5.55924e-06	-0.0125576	0.0125715	0.016636	0.0152143
20	-76000	0	101.115	99.9825	-44.9349	-45.0342	0.000201205	-8.95039e-06	1.9998	5.55918e-06	-0.0125566	0.0125715	0.0166485	0.0151957
21	-75000	0	101.207	99.9721	-44.9418	-45.0364	0.000201254	-9.17684e-06	1.9998	5.55912e-06	-0.0125554	0.0125713	0.0166608	0.0151767
22	-74000	0	101.307	99.9603	-44.9506	-45.0387	0.0002013	-9.41537e-06	1.9998	5.55906e-06	-0.0125542	0.0125711	0.0166727	0.0151565
23	-73000	0	101.414	99.9467	-44.9604	-45.041	0.000201345	-9.66688e-06	1.9998	5.559e-06	-0.0125528	0.0125707	0.0166848	0.015135
24	-72000	0	101.523	99.9315	-44.9734	-45.0433	0.000201388	-9.93224e-06	1.9998	5.55894e-06	-0.0125514	0.0125703	0.0166967	0.0151131
25	-71000	0	101.642	99.9142	-44.9876	-45.0455	0.000201427	-1.02123e-05	1.9998	5.55888e-06	-0.0125498	0.0125696	0.0167084	0.0150893
26	-70000	0	101.764	99.895	-45.0044	-45.0475	0.000201462	-1.05079e-05	1.9998	5.55882e-06	-0.0125481	0.0125689	0.01672	0.0150646
27	-69000	0	101.897	99.8735	-45.0254	-45.0494	0.000201493	-1.08198e-05	1.9998	5.55876e-06	-0.0125464	0.012568	0.0167306	0.0150388
28	-68000	0	102.037	99.8493	-45.0489	-45.0511	0.000201519	-1.11492e-05	1.9998	5.55869e-06	-0.0125445	0.0125668	0.016741	0.0150115
29	-67000	0	102.179	99.8228	-45.0764	-45.0526	0.000201538	-1.1497e-05	1.9998	5.55863e-06	-0.0125425	0.0125655	0.0167511	0.0149832
30	-66000	0	102.332	99.7935	-45.108	-45.0537	0.00020155	-1.18644e-05	1.9998	5.55856e-06	-0.0125404	0.0125638	0.0167602	0.0149534
31	-65000	0	102.493	99.7607	-45.1425	-45.0544	0.000201554	-1.22525e-05	1.9998	5.5585e-06	-0.0125382	0.0125619	0.016769	0.0149216
32	-64000	0	102.656	99.7252	-45.1824	-45.0545	0.000201548	-1.26621e-05	1.9998	5.55843e-06	-0.0125359	0.0125597	0.0167771	0.0148889
33	-63000	0	102.829	99.6861	-45.2287	-45.0541	0.000201532	-1.30943e-05	1.9998	5.55836e-06	-0.0125336	0.0125572	0.0167837	0.0148548
34	-62000	0	103.009	99.6431	-45.2803	-45.0529	0.000201503	-1.35504e-05	1.9998	5.55829e-06	-0.0125311	0.0125542	0.0167893	0.014819
35	-61000	0	103.187	99.5965	-45.3388	-45.0509	0.000201461	-1.40315e-05	1.9998	5.55822e-06	-0.0125286	0.0125508	0.0167943	0.0147826
36	-60000	0	103.379	99.5456	-45.4041	-45.0479	0.000201402	-1.45386e-05	1.9998	5.55815e-06	-0.0125261	0.012547	0.0167973	0.0147439
37	-59000	0	103.572	99.4907	-45.4761	-45.0437	0.000201326	-1.50728e-05	1.9998	5.55807e-06	-0.0125235	0.0125426	0.0167993	0.0147038
38	-58000	0	103.771	99.4313	-45.5598	-45.0382	0.000201231	-1.56351e-05	1.9998	5.558e-06	-0.012521	0.0125377	0.0167987	0.0146632
39	-57000	0	103.975	99.3666	-45.6532	-45.0311	0.000201113	-1.62268e-05	1.9998	5.55792e-06	-0.0125185	0.012532	0.016796	0.0146213
40	-56000	0	104.173	99.2978	-45.756	-45.0222	0.000200971	-1.68497e-05	1.9998	5.55784e-06	-0.0125161	0.0125257	0.0167921	0.0145783
41	-55000	0	104.374	99.2236	-45.8705	-45.0113	0.000200802	-1.75047e-05	1.9998	5.55776e-06	-0.0125138	0.0125187	0.0167855	0.0145341
42	-54000	0	104.571	99.1443	-45.997	-44.9981	0.000200602	-1.8193e-05	1.9998	5.55768e-06	-0.0125117	0.0125108	0.0167768	0.014489
43	-53000	0	104.763	99.0595	-46.1377	-44.9822	0.000200367	-1.89156e-05	1.9998	5.5576e-06	-0.0125098	0.012502	0.0167652	0.0144431
44	-52000	0	104.947	98.9696	-46.2935	-44.9634	0.000200095	-1.96736e-05	1.9998	5.55751e-06	-0.0125082	0.0124922	0.0167508	0.0143968
45	-51000	0	105.126	98.8734	-46.4662	-44.9411	0.000199781	-2.04676e-05	1.9998	5.55742e-06	-0.012507	0.0124812	0.0167324	0.0143499
46	-50000	0	105.283	98.773	-46.6555	-44.9153	0.000199421	-2.1299e-05	1.9998	5.55733e-06	-0.0125063	0.0124693	0.0167117	0.014303
47	-49000	0	105.423	98.6669	-46.8673	-44.8853	0.000199011	-2.21685e-05	1.9998	5.55724e-06	-0.0125061	0.012456	0.0166865	0.0142572
48	-48000	0	105.544	98.5546	-47.1011	-44.8503	0.000198545	-2.30767e-05	1.9998	5.55715e-06	-0.0125066	0.0124413	0.0166568	0.0142119
49	-47000	0	105.626	98.4381	-47.3556	-44.8105	0.000198017	-2.40247e-05	1.9998	5.55705e-06	-0.0125078	0.0124253	0.0166243	0.0141673
50	-46000	0	105.67	98.3166	-47.6392	-44.765	0.000197423	-2.50127e-05	1.9998	5.55695e-06	-0.0125099	0.0124077	0.0165866	0.0141256
51	-45000	0	105.669	98.1891	-47.9535	-44.7129	0.000196754	-2.60406e-05	1.9998	5.55685e-06	-0.0125131	0.0123882	0.0165434	0.0140866
52	-44000	0	105.606	98.0584	-48.2923	-44.6546	0.000196004	-2.71095e-05	1.9998	5.55675e-06	-0.0125174	0.0123673	0.0164975	0.0140493
53	-43000	0	105.477	97.9225	-48.6667	-44.5886	0.000195164	-2.82186e-05	1.9998	5.55664e-06	-0.0125229	0.0123443	0.0164459	0.014016
54	-42000	0	105.269	97.7823	-49.0765	-44.5149	0.000194227	-2.93664e-05	1.9998	5.55653e-06	-0.0125298	0.0123193	0.0163892	0.0139871
55	-41000	0	104.964	97.6375	-49.5295	-44.433	0.000193185	-3.05518e-05	1.9998	5.55642e-06	-0.0125381	0.0122923	0.0163265	0.0139652
56	-40000	0	104.553	97.4861	-50.0313	-44.3417	0.000192028	-3.17724e-05	1.9998	5.55631e-06	-0.0125479	0.0122628	0.0162565	0.0139515
57	-39000	0	104.006	97.3301	-50.5759	-44.2431	0.000190748	-3.30275e-05	1.9998	5.55619e-06	-0.0125589	0.0122314	0.0161828	0.0139453
58	-38000	0	103.301	97.1643	-51.1814	-44.1358	0.000189335	-3.43141e-05	1.9998	5.55607e-06	-0.0125711	0.0121974	0.016102	0.0139524
59	-37000	0	102.404	96.9845	-51.8561	-44.02	0.000187777	-3.56279e-05	1.9998	5.55595e-06	-0.0125841	0.0121607	0.0160142	0.0139763
60	-36000	0	101.315	96.7867	-52.5769	-43.8993	0.000186062	-3.69667e-05	1.9998	5.55583e-06	-0.0125968	0.0121218	0.0159243	0.0140094
61	-35000	0	99.9567	96.5578	-53.3959	-43.7743	0.000184183	-3.83232e-05	1.9998	5.5557e-06	-0.0126083	0.01208	0.0158254	0.0140712
62	-34000	0	98.335	96.2854	-54.2846	-43.6508	0.000182128	-3.96931e-05	1.9998	5.55557e-06	-0.0126165	0.0120358	0.0157235	0.0141524
63	-33000	0	96.383	95.9425	-55.2693	-43.5344	0.000179888	-4.10701e-05	1.9998	5.55544e-06	-0.0126183	0.0119887	0.0156173	0.0142648
64	-32000	0	94.0402	95.4935	-56.3636	-43.4337	0.000177452	-4.24457e-05	1.9998	5.5553e-06	-0.0126098	0.0119385	0.0155083	0.0144169
65	-31000	0	91.374	94.8911	-57.5305	-43.3645	0.000174811	-4.38122e-05	1.9998	5.55516e-06	-0.0125843	0.0118856	0.0154006	0.0145944
66	-30000	0	88.2124	94.058	-58.8468	-43.3456	0.000171971	-4.51578e-05	1.9998	5.55502e-06	-0.0125329	0.0118292	0.0152908	0.0148352
67	-29000	0	84.6563	92.9102	-60.2635	-43.4044	0.000168933	-4.64738e-05	1.9998	5.55487e-06	-0.0124441	0.0117695	0.0151849	0.0151223
68	-28000	0	80.6791	91.308	-61.7952	-43.5809	0.000165707	-4.77508e-05	1.9998	5.55472e-06	-0.0123003	0.0117055	0.015085	0.015469
69	-27000	0	76.2554	89.094	-63.4551	-43.9255	0.000162316	-4.8978e-05	1.9998	5.55457e-06	-0.0120805	0.0116356	0.0149951	0.0158925
70	-26000	0	71.6426	86.1639	-65.1701	-44.496	0.000158793	-5.01493e-05	1.9998	5.55442e-06	-0.0117657	0.0115604	0.0149174	0.0163614
71	-25000	0	66.9319	82.3735	-66.9318	-45.3718	0.000155194	-5.12586e-05	1.9998	5.55426e-06	-0.0113299	0.0114778	0.0148521	0.0168785
72	-24000	0	62.2146	77.6954	-68.7232	-46.6332	0.000151588	-5.23025e-05	1.9998	5.5541e-06	-0.0107554	0.0113867	0.0148022	0.0174463
73	-23000	0	57.8813	72.3942	-70.4315	-48.3099	0.000148056	-5.32841e-05	1.9998	5.55395e-06	-0.0100559	0.0112904	0.014762	0.017996
74	-22000	0	54.0697	66.7627	-72.0153	-50.4243	0.000144687	-5.42062e-05	1.9998	5.55379e-06	-0.00925029	0.0111913	0.0147281	0.0185006
75	-21000	0	50.8001	61.2118	-73.4527	-52.9334	0.000141564	-5.50702e-05	1.9998	5.55364e-06	-0.00837979	0.0110934	0.0147014	0.0189502
76	-20000	0	48.2198	56.2637	-74.6846	-55.6532	0.000138748	-5.58789e-05	1.9998	5.55349e-06	-0.00752023	0.0110049	0.0146738	0.0192957
77	-19000	0	46.2141	52.1041	-75.7118	-58.4278	0.000136275	-5.66312e-05	1.9998	5.55335e-06	-0.00671578	0.0109281	0.0146528	0.0195481
78	-18000	0	44.7067	48.8565	-76.5512	-61.0289	0.000134155	-5.73273e-05	1.9998	5.55323e-06	-0.00601617	0.0108663	0.014636	0.0197167
79	-17000	0	43.6658	46.4414	-77.1963	-63.3087	0.000132376	-5.79687e-05	1.9998	5.55312e-06	-0.00543951	0.0108193	0.0146232	0.0197962
80	-16000	0	42.9105	44.7113	-77.6855	-65.1667	0.000130913	-5.8554e-05	1.9998	5.55302e-06	-0.00499023	0.0107833	0.0146249	0.0198279
81	-15000	0	42.4273	43.5881	-78.0418	-66.4905	0.000129748	-5.90872e-05	1.9998	5.55293e-06	-0.00467987	0.010758	0.0146321	0.0198155
82	-14000	0	42.1236	42.9264	-78.3051	-67.2929	0.000128862	-5.95717e-05	1.9998	5.55286e-06	-0.00449425	0.01074	0.0146443	0.0197867
83	-13000	0	42.0253	42.6748	-78.4623	-67.5398	0.000128233	-6.00132e-05	1.9998	5.5528e-06	-0.00443486	0.0107277	0.0146603	0.0197276
84	-12000	0	42.037	42.8131	-78.5547	-67.2262	0.000127851	-6.04171e-05	1.9998	5.55275e-06	-0.00450079	0.0107206	0.014682	0.0196696
85	-11000	0	42.2231	43.3524	-78.5591	-66.362	0.000127708	-6.07908e-05	1.9998	5.55272e-06	-0.00469124	0.0107184	0.0147066	0.0195902
86	-10000	0	42.5885	44.368	-78.502	-64.9451	0.000127801	-6.11437e-05	1.9998	5.5527e-06	-0.00501254	0.0107225	0.0147257	0.0194951
87	-9000	0	43.1858	45.9491	-78.3444	-63.0137	0.000128127	-6.14832e-05	1.9998	5.55269e-06	-0.00546594	0.0107338	0.0147449	0.0193624
88	-8000	0	44.0483	48.2335	-78.1042	-60.6254	0.000128689	-6.18195e-05	1.9998	5.5527e-06	-0.00605358	0.0107545	0.0147555	0.019192
89	-7000	0	45.244	51.3366	-77.7765	-57.9067	0.000129489	-6.21622e-05	1.9998	5.55271e-06	-0.00676451	0.0107863	0.0147517	0.0189718
90	-6000	0	46.8281	55.3766	-77.3432	-54.9799	0.000130509	-6.25154e-05	1.9998	5.55274e-06	-0.00758849	0.0108293	0.014734	0.0186888
91	-5000	0	48.8545	60.1376	-76.8346	-52.1521	0.00013172	-6.2885e-05	1.9998	5.55277e-06	-0.0084551	0.0108814	0.0146895	0.0183447
92	-4000	0	51.3564	65.473	-76.2414	-49.5391	0.00013307	-6.32653e-05	1.9998	5.55281e-06	-0.00933063	0.0109398	0.0146201	0.0179347
93	-3000	0	54.1802	71.0035	-75.6034	-47.2763	0.000134494	-6.3643e-05	1.9998	5.55286e-06	-0.010159	0.011	0.0145376	0.017498
94	-2000	0	57.1695	76.0588	-74.9779	-45.511	0.000135907	-6.40007e-05	1.9998	5.5529e-06	-0.0108601	0.0110555	0.0144435	0.0170682
95	-1000	0	60.1335	80.4193	-74.3817	-44.1771	0.000137223	-6.43148e-05	1.9998	5.55295e-06	-0.0114287	0.011105	0.0143507	0.0166665
96	0	0	62.7863	83.8446	-73.865	-43.2393	0.000138367	-6.45653e-05	1.9998	5.55299e-06	-0.0118536	0.0111465	0.0142702	0.0163295
97	1000	0	64.8124	86.2762	-73.4757	-42.6356	0.000139278	-6.4734e-05	1.9998	5.55303e-06	-0.0121427	0.0111796	0.014213	0.0160918
98	2000	0	66.1258	87.7308	-73.2243	-42.3131	0.000139907	-6.48091e-05	1.9998	5.55306e-06	-0.0123079	0.0112044	0.014176	0.0159496
99	3000	0	66.6005	88.2762	-73.1296	-42.2278	0.000140225	-6.47819e-05	1.9998	5.55309e-06	-0.0123628	0.0112208	0.0141608	0.0159124
100	4000	0	66.1911	87.948	-73.1992	-42.3594	0.000140229	-6.46508e-05	1.9998	5.55312e-06	-0.012314	0.0112282	0.0141679	0.0159845
101	5000	0	64.9149	86.7296	-73.4166	-42.7136	0.000139927	-6.44164e-05	1.9998	5.55314e-06	-0.0121593	0.0112255	0.0142017	0.016164
102	6000	0	62.8995	84.587	-73.7808	-43.3134	0.000139354	-6.40868e-05	1.9998	5.55316e-06	-0.0118914	0.0112111	0.0142552	0.0164472
103	7000	0	60.3526	81.4793	-74.2455	-44.2038	0.000138555	-6.36709e-05	1.9998	5.55317e-06	-0.0114986	0.0111833	0.0143268	0.0168131
104	8000	0	57.5076	77.5154	-74.7868	-45.4119	0.000137609	-6.31869e-05	1.9998	5.55319e-06	-0.0109829	0.0111419	0.0144074	0.0172452
105	9000	0	54.5605	72.8703	-75.3769	-46.9678	0.000136605	-6.26568e-05	1.9998	5.5532e-06	-0.0103515	0.011088	0.0144915	0.0177287
106	10000	0	51.7754	67.8685	-75.945	-48.8617	0.000135626	-6.20977e-05	1.9998	5.55321e-06	-0.0096308	0.0110251	0.0145729	0.0182186
107	11000	0	49.4261	63.061	-76.4407	-50.9644	0.000134764	-6.15275e-05	1.9998	5.55322e-06	-0.00888726	0.0109609	0.0146323	0.0186621
108	12000	0	47.5469	58.8106	-76.8335	-53.1312	0.000134097	-6.09543e-05	1.9998	5.55324e-06	-0.00817619	0.010902	0.014672	0.0190445
109	13000	0	46.1513	55.451	-77.1093	-55.1257	0.000133695	-6.03817e-05	1.9998	5.55327e-06	-0.00756598	0.0108559	0.0146916	0.019358
110	14000	0	45.2533	53.0923	-77.2463	-56.7457	0.000133606	-5.9806e-05	1.9998	5.55332e-06	-0.00710005	0.0108276	0.0146926	0.0195912
111	15000	0	44.7362	51.7212	-77.2386	-57.8382	0.000133853	-5.92162e-05	1.9998	5.55338e-06	-0.00680274	0.0108185	0.0146924	0.0197646
112	16000	0	44.6417	51.3704	-77.0696	-58.2605	0.000134459	-5.86046e-05	1.9998	5.55345e-06	-0.00669998	0.0108314	0.0146886	0.0198646
113	17000	0	44.9864	51.9927	-76.7183	-58.0055	0.000135439	-5.79619e-05	1.9998	5.55355e-06	-0.00678886	0.0108667	0.0146861	0.0198832
114	18000	0	45.7549	53.6233	-76.1714	-57.097	0.00013681	-5.72786e-05	1.9998	5.55365e-06	-0.00706861	0.0109251	0.0146939	0.0198242
115	19000	0	47.0043	56.2586	-75.4309	-55.6598	0.000138587	-5.65504e-05	1.9998	5.55378e-06	-0.00751861	0.0110052	0.0147065	0.0196823
116	20000	0	48.8564	59.9007	-74.4613	-53.8536	0.000140769	-5.57742e-05	1.9998	5.55391e-06	-0.00811225	0.0111057	0.0147235	0.0194307
117	21000	0	51.349	64.456	-73.2527	-51.8709	0.000143336	-5.49471e-05	1.9998	5.55406e-06	-0.0088086	0.0112222	0.01475	0.0190696
118	22000	0	54.4642	69.5574	-71.8747	-49.9568	0.000146255	-5.4068e-05	1.9998	5.55422e-06	-0.00953481	0.0113457	0.0147742	0.0186312
119	23000	0	58.2776	74.8484	-70.279	-48.2472	0.000149444	-5.31346e-05	1.9998	5.55437e-06	-0.0102375	0.011469	0.0148077	0.0180955
120	24000	0	62.5609	79.8389	-68.5833	-46.85	0.000152824	-5.21436e-05	1.9998	5.55453e-06	-0.010859	0.0115838	0.0148468	0.0175338
121	25000	0	67.1772	84.1941	-66.8202	-45.7841	0.000156302	-5.10918e-05	1.9998	5.55469e-06	-0.0113706	0.0116861	0.0148966	0.0169676
122	26000	0	71.9028	87.8094	-65.0319	-45.0066	0.000159791	-4.99764e-05	1.9998	5.55485e-06	-0.011773	0.0117757	0.0149648	0.0164255
123	27000	0	76.4841	90.58	-63.325	-44.489	0.000163222	-4.87996e-05	1.9998	5.555e-06	-0.0120649	0.0118515	0.0150405	0.0159492
124	28000	0	80.8107	92.6593	-61.6952	-44.1623	0.000166535	-4.75668e-05	1.9998	5.55515e-06	-0.0122707	0.011917	0.0151285	0.0155322
125	29000	0	84.7717	94.1805	-60.1623	-43.9758	0.000169689	-4.62863e-05	1.9998	5.55529e-06	-0.0124101	0.0119741	0.0152273	0.0151768
126	30000	0	88.3216	95.2688	-58.7453	-43.8907	0.00017266	-4.49681e-05	1.9998	5.55543e-06	-0.0124994	0.0120245	0.0153309	0.0148813
127	31000	0	91.4303	96.0542	-57.426	-43.8736	0.000175437	-4.36217e-05	1.9998	5.55556e-06	-0.0125545	0.0120702	0.0154432	0.014636
128	32000	0	94.1234	96.6094	-56.2383	-43.9023	0.00017802	-4.2256e-05	1.9998	5.55569e-06	-0.0125846	0.0121114	0.0155512	0.0144436
129	33000	0	96.4151	97.014	-55.165	-43.9592	0.000180408	-4.08808e-05	1.9998	5.55582e-06	-0.0125989	0.0121492	0.0156568	0.0142953
130	34000	0	98.3289	97.3195	-54.1782	-44.0331	0.000182606	-3.95043e-05	1.9998	5.55594e-06	-0.012603	0.0121846	0.0157645	0.0141801
131	35000	0	99.9528	97.5511	-53.2895	-44.1146	0.000184623	-3.81339e-05	1.9998	5.55606e-06	-0.0126006	0.012217	0.0158643	0.0140945
132	36000	0	101.292	97.7367	-52.4902	-44.199	0.00018647	-3.67763e-05	1.9998	5.55618e-06	-0.0125946	0.0122472	0.0159582	0.0140361
133	37000	0	102.354	97.8938	-51.7609	-44.2835	0.000188155	-3.54371e-05	1.9998	5.5563e-06	-0.0125866	0.0122756	0.0160506	0.0139993
134	38000	0	103.245	98.0282	-51.1018	-44.3638	0.000189689	-3.41208e-05	1.9998	5.55641e-06	-0.012578	0.0123017	0.0161338	0.0139778
135	39000	0	103.948	98.1495	-50.5072	-44.4399	0.000191082	-3.28319e-05	1.9998	5.55652e-06	-0.0125694	0.012326	0.0162108	0.0139719
136	40000	0	104.495	98.2618	-49.9642	-44.5106	0.000192343	-3.15741e-05	1.9998	5.55662e-06	-0.0125614	0.0123486	0.0162829	0.0139768
137	41000	0	104.914	98.3672	-49.4732	-44.5754	0.000193482	-3.03505e-05	1.9998	5.55673e-06	-0.0125541	0.0123694	0.0163485	0.0139916
138	42000	0	105.193	98.4688	-49.0259	-44.635	0.00019451	-2.9163e-05	1.9998	5.55683e-06	-0.0125477	0.0123888	0.0164109	0.0140157
139	43000	0	105.409	98.5648	-48.6176	-44.6881	0.000195434	-2.80128e-05	1.9998	5.55693e-06	-0.0125424	0.0124065	0.0164658	0.0140435
140	44000	0	105.546	98.6578	-48.2501	-44.7359	0.000196263	-2.69014e-05	1.9998	5.55703e-06	-0.0125379	0.0124228	0.0165145	0.0140774
141	45000	0	105.586	98.7482	-47.9183	-44.7789	0.000197005	-2.58295e-05	1.9998	5.55712e-06	-0.0125343	0.0124379	0.0165598	0.0141179
142	46000	0	105.609	98.8345	-47.6098	-44.8167	0.000197666	-2.47975e-05	1.9998	5.55722e-06	-0.0125316	0.0124516	0.0165992	0.0141567
143	47000	0	105.555	98.9181	-47.3371	-44.8503	0.000198255	-2.38056e-05	1.9998	5.55731e-06	-0.0125296	0.0124642	0.0166344	0.0142021
144	48000	0	105.476	98.9979	-47.0836	-44.8796	0.000198776	-2.28538e-05	1.9998	5.5574e-06	-0.0125283	0.0124757	0.0166658	0.0142465
145	49000	0	105.374	99.0742	-46.858	-44.9052	0.000199237	-2.19413e-05	1.9998	5.55748e-06	-0.0125275	0.0124861	0.0166915	0.014293
146	50000	0	105.228	99.1476	-46.6574	-44.9277	0.000199642	-2.10678e-05	1.9998	5.55757e-06	-0.0125273	0.0124956	0.0167138	0.0143423
147	51000	0	105.09	99.2168	-46.4667	-44.947	0.000199994	-2.02332e-05	1.9998	5.55765e-06	-0.0125274	0.0125042	0.0167326	0.0143872
148	52000	0	104.92	99.2827	-46.3003	-44.9637	0.0002003	-1.94368e-05	1.9998	5.55773e-06	-0.0125279	0.012512	0.0167479	0.0144349
149	53000	0	104.752	99.3447	-46.1401	-44.9778	0.000200562	-1.86783e-05	1.9998	5.55781e-06	-0.0125288	0.012519	0.0167616	0.0144781
150	54000	0	104.558	99.4034	-46.002	-44.9899	0.000200788	-1.79563e-05	1.9998	5.55789e-06	-0.0125298	0.0125253	0.0167721	0.0145242
151	55000	0	104.363	99.4581	-45.8727	-45	0.000200979	-1.72694e-05	1.9998	5.55796e-06	-0.0125311	0.012531	0.0167808	0.0145676
152	56000	0	104.172	99.5094	-45.7582	-45.0084	0.00020114	-1.66165e-05	1.9998	5.55804e-06	-0.0125325	0.012536	0.0167861	0.0146102
153	57000	0	103.967	99.5578	-45.6586	-45.0153	0.000201273	-1.59962e-05	1.9998	5.55811e-06	-0.012534	0.0125406	0.0167893	0.0146538
154	58000	0	103.771	99.6022	-45.564	-45.0209	0.000201381	-1.54076e-05	1.9998	5.55818e-06	-0.0125356	0.0125446	0.0167912	0.0146939
155	59000	0	103.582	99.6436	-45.4797	-45.0254	0.000201466	-1.48495e-05	1.9998	5.55825e-06	-0.0125372	0.0125482	0.0167909	0.0147326
156	60000	0	103.384	99.6823	-45.4075	-45.0289	0.000201532	-1.43205e-05	1.9998	5.55832e-06	-0.0125389	0.0125514	0.016789	0.0147718
157	61000	0	103.198	99.7176	-45.337	-45.0314	0.000201581	-1.38197e-05	1.9998	5.55839e-06	-0.0125405	0.0125542	0.0167865	0.0148072
158	62000	0	103.012	99.7504	-45.2794	-45.0333	0.000201614	-1.33452e-05	1.9998	5.55845e-06	-0.0125422	0.0125567	0.0167818	0.0148433
159	63000	0	102.833	99.7803	-45.2245	-45.0345	0.000201633	-1.28962e-05	1.9998	5.55852e-06	-0.0125438	0.0125588	0.0167768	0.0148768
160	64000	0	102.663	99.8076	-45.1764	-45.0352	0.000201641	-1.24712e-05	1.9998	5.55858e-06	-0.0125454	0.0125607	0.0167703	0.0149089
161	65000	0	102.491	99.8329	-45.1375	-45.0354	0.000201639	-1.2069e-05	1.9998	5.55864e-06	-0.0125469	0.0125623	0.0167626	0.0149413
162	66000	0	102.332	99.8556	-45.0987	-45.0352	0.000201628	-1.16886e-05	1.9998	5.5587e-06	-0.0125484	0.0125637	0.0167549	0.0149706
163	67000	0	102.176	99.8764	-45.0694	-45.0347	0.00020161	-1.13283e-05	1.9998	5.55877e-06	-0.0125498	0.0125649	0.0167455	0.0150003
164	68000	0	102.028	99.8952	-45.0419	-45.0339	0.000201585	-1.09873e-05	1.9998	5.55882e-06	-0.0125511	0.0125659	0.016736	0.015028
165	69000	0	101.892	99.9121	-45.0185	-45.0329	0.000201554	-1.06645e-05	1.9998	5.55888e-06	-0.0125524	0.0125668	0.0167254	0.0150542
166	70000	0	101.76	99.9274	-45.0007	-45.0318	0.000201519	-1.03589e-05	1.9998	5.55894e-06	-0.0125536	0.0125675	0.0167141	0.0150801
167	71000	0	101.636	99.9411	-44.9811	-45.0305	0.000201479	-1.007e-05	1.9998	5.559e-06	-0.0125548	0.0125681	0.0167035	0.0151032
168	72000	0	101.517	99.9533	-44.9678	-45.0291	0.000201435	-9.79649e-06	1.9998	5.55905e-06	-0.0125558	0.0125685	0.0166918	0.0151264
169	73000	0	101.403	99.9641	-44.9552	-45.0277	0.00020139	-9.5375e-06	1.9998	5.55911e-06	-0.0125568	0.0125689	0.0166804	0.0151481
170	74000	0	101.299	99.9737	-44.945	-45.0262	0.000201342	-9.29205e-06	1.9998	5.55917e-06	-0.0125577	0.0125692	0.0166685	0.0151686
171	75000	0	101.198	99.9823	-44.9389	-45.0247	0.000201292	-9.05936e-06	1.9998	5.55922e-06	-0.0125586	0.0125694	0.0166561	0.0151888
172	76000	0	101.104	99.9897	-44.9316	-45.0232	0.000201241	-8.8388e-06	1.9998	5.55927e-06	-0.0125594	0.0125695	0.0166443	0.0152072
173	77000	0	101.018	99.9962	-44.9256	-45.0218	0.00020119	-8.62947e-06	1.9998	5.55933e-06	-0.0125601	0.0125696	0.0166323	0.0152245
174	78000	0	100.935	100.002	-44.9232	-45.0203	0.000201137	-8.43047e-06	1.9998	5.55938e-06	-0.0125608	0.0125696	0.0166199	0.0152417
175	79000	0	100.857	100.007	-44.9203	-45.0189	0.000201085	-8.24112e-06	1.9998	5.55943e-06	-0.0125614	0.0125696	0.016608	0.0152576
176	80000	0	100.786	100.011	-44.9205	-45.0175	0.000201032	-8.06051e-06	1.9998	5.55948e-06	-0.012562	0.0125696	0.0165953	0.0152732
